Akaka D HI -1 -1 1 1 1 -1 -1 1 1 1 1 1 1 1 -1 1 1 1 -1 1 1 1 1 1 -1 1 -1 -1 1 1 1 1 1 1 0 0 1 -1 -1 1 -1 1 -1 1 1 -1
Alexander R TN 1 1 1 1 1 1 1 1 1 -1 1 -1 1 1 1 1 1 1 1 1 1 1 1 1 1 1 1 1 1 1 1 1 1 1 1 1 1 1 1 1 1 1 1 0 1 1
Allard R CO 1 1 1 1 1 1 1 1 1 -1 1 -1 1 1 1 1 1 1 1 1 1 1 1 -1 1 1 1 1 1 1 1 1 1 1 1 1 1 1 1 1 1 1 1 1 1 1
Allen R VA 1 1 1 1 1 1 1 1 1 1 1 -1 1 1 1 1 1 1 1 1 1 1 1 -1 1 1 1 1 1 1 1 1 1 1 1 1 1 1 1 1 1 1 1 1 1 1
Baucus D MT -1 1 1 1 1 1 -1 1 1 1 1 1 1 1 -1 1 1 1 1 1 1 1 1 1 -1 1 -1 1 1 0 1 1 1 1 1 1 1 -1 1 0 1 1 -1 1 1 1
Bayh D IN 1 -1 1 1 1 1 -1 1 1 1 1 1 1 1 -1 0 1 1 -1 1 1 1 1 1 -1 1 1 -1 1 1 1 1 1 1 1 0 1 -1 1 -1 1 1 -1 1 1 -1
Bennett R UT 1 1 1 1 1 1 1 1 1 1 1 1 1 0 1 1 1 1 1 1 1 1 1 1 1 1 1 1 1 1 1 1 1 1 1 1 1 1 1 1 1 1 1 1 1 1
Biden D DE -1 -1 1 1 1 1 -1 1 1 1 1 1 1 1 -1 1 1 1 -1 1 1 1 1 1 -1 1 -1 -1 1 1 1 1 1 1 1 -1 1 -1 1 1 1 1 -1 1 1 -1
Bingaman D NM 1 0 1 1 1 1 -1 1 1 1 1 1 1 1 1 1 1 1 -1 1 1 1 1 1 1 1 -1 -1 1 1 1 1 1 1 1 -1 1 -1 -1 1 -1 1 -1 1 1 -1
Bond R MO 1 1 1 1 1 1 1 1 1 1 1 -1 1 1 1 1 1 1 1 1 1 1 1 -1 1 1 1 1 1 1 1 1 1 1 1 1 1 1 1 1 1 1 1 1 1 1
Boxer D CA -1 -1 1 1 1 -1 -1 1 1 1 1 1 1 1 -1 1 1 1 0 1 1 1 1 1 -1 1 -1 -1 1 -1 1 1 1 1 1 -1 1 -1 1 1 -1 1 -1 1 1 -1
Brownback R KS 1 1 1 1 1 1 1 1 1 1 -1 1 1 1 1 1 1 1 1 1 1 1 1 -1 1 1 1 1 1 1 1 1 1 1 1 1 1 1 1 1 1 1 1 1 1 1
Bunning R KY 1 1 1 1 1 1 1 1 1 -1 1 -1 1 1 1 0 1 1 1 1 1 1 1 -1 1 1 1 1 1 1 1 1 1 1 1 1 0 1 1 1 1 1 1 1 1 1
Burns R MT 1 1 1 1 1 1 1 1 1 1 1 -1 1 1 -1 1 1 1 1 1 1 1 1 -1 -1 1 1 1 1 1 1 1 1 1 1 1 1 1 1 1 1 1 1 1 1 1
Burr R NC 1 -1 1 1 1 1 1 1 1 -1 1 -1 1 1 1 1 1 1 -1 1 1 1 1 1 1 1 1 1 1 -1 1 1 1 1 1 -1 1 1 1 1 1 1 1 1 1 -1
Byrd D WV -1 -1 1 -1 1 1 -1 0 1 1 1 -1 1 1 -1 1 1 1 -1 1 1 1 1 1 -1 1 1 1 1 1 1 1 1 1 1 -1 1 -1 1 1 -1 1 -1 1 1 -1
Cantwell D WA 1 1 1 1 1 -1 -1 1 1 1 1 1 1 1 1 1 1 1 1 1 1 1 1 1 1 1 -1 -1 1 1 1 1 1 1 1 1 1 -1 -1 1 1 1 -1 1 1 1
Carper D DE 1 1 1 1 1 1 -1 1 1 1 1 1 1 1 1 1 1 1 -1 1 1 1 1 1 1 1 1 1 1 1 1 1 1 1 1 -1 1 1 1 1 1 1 -1 1 1 1
Chafee R RI 1 -1 1 1 1 1 -1 1 1 1 1 1 1 1 1 1 1 1 0 1 1 1 1 1 1 1 -1 1 1 1 1 0 1 1 0 1 1 -1 -1 1 1 1 -1 1 1 -1
Chambliss R GA 1 1 1 1 1 1 1 1 1 -1 1 -1 1 1 1 1 1 1 1 1 1 1 1 -1 1 1 1 1 1 1 1 1 1 1 1 1 1 1 1 1 1 1 1 1 1 1
Clinton D NY -1 1 1 1 0 0 -1 1 1 1 1 1 1 1 -1 1 1 1 1 1 1 1 1 1 -1 1 -1 1 1 1 1 1 1 1 1 1 1 -1 1 1 1 1 -1 1 1 1
Coburn R OK 1 -1 1 1 1 1 1 -1 1 -1 1 -1 1 0 1 -1 1 -1 -1 1 1 1 1 -1 1 1 1 1 1 -1 -1 1 1 1 1 -1 1 1 1 1 1 1 1 1 1 1
Cochran R MS 1 1 1 1 1 1 1 1 1 1 1 -1 1 1 1 1 1 1 1 1 1 1 1 1 1 1 1 1 1 1 1 1 1 1 1 1 1 1 1 1 1 1 1 1 1 1
Coleman R MN 1 1 1 1 1 1 -1 1 1 1 1 1 1 1 1 1 1 1 1 1 1 1 1 -1 1 1 1 1 1 1 1 1 1 1 1 0 1 1 1 1 1 1 -1 1 1 1
Collins R ME 1 1 1 1 1 1 -1 1 1 1 1 1 1 1 -1 1 1 1 -1 1 1 1 1 1 -1 1 -1 1 1 1 1 1 1 1 1 -1 1 1 1 1 1 1 -1 1 1 1
Conrad D ND 1 -1 1 1 1 1 -1 1 1 1 1 1 1 1 -1 1 1 1 -1 1 1 1 1 1 -1 1 1 1 1 1 1 1 1 1 1 -1 1 -1 1 1 -1 -1 -1 1 1 -1
Cornyn R TX 1 1 1 1 1 1 1 1 1 1 -1 -1 1 1 1 1 1 1 1 1 1 1 1 -1 1 1 1 1 1 -1 1 1 1 1 1 1 1 1 1 1 1 1 1 1 1 1
Craig R ID 1 1 1 1 1 1 1 1 1 -1 1 1 1 1 -1 1 1 1 1 1 1 1 1 -1 -1 1 1 1 1 1 1 1 1 1 1 1 1 1 1 1 1 1 1 1 1 -1
Crapo R ID 1 1 1 1 1 1 1 1 1 -1 1 -1 1 1 -1 1 1 1 1 1 1 1 1 -1 -1 0 1 1 1 1 1 1 1 1 1 1 1 1 1 1 1 1 1 1 1 1
Dayton D MN -1 1 1 1 1 -1 -1 1 1 1 1 1 1 1 -1 1 1 1 -1 1 1 1 1 1 -1 1 -1 -1 1 1 1 1 1 1 1 -1 1 -1 1 1 -1 1 -1 1 1 1
DeMint R SC 1 1 1 1 1 1 1 -1 1 -1 -1 -1 1 1 1 1 1 0 1 1 1 1 1 -1 1 1 1 1 1 1 1 1 1 1 1 1 1 1 1 1 1 1 1 1 1 1
DeWine R OH 1 1 1 1 1 1 -1 1 1 1 1 1 1 1 1 1 1 1 1 1 1 1 1 -1 1 1 1 1 1 1 1 1 1 1 1 1 1 1 1 1 1 1 -1 1 1 1
Dodd D CT 1 -1 1 1 1 -1 -1 1 1 1 1 1 0 1 -1 1 1 1 -1 1 1 1 1 1 -1 1 -1 -1 1 1 1 1 1 1 1 -1 1 -1 1 1 1 1 -1 1 1 -1
Dole R NC 1 1 1 1 1 1 1 1 1 1 1 -1 1 1 1 1 1 1 -1 1 1 1 1 -1 1 1 1 1 1 1 1 1 1 1 1 -1 1 1 1 1 1 1 1 1 1 1
Domenici R NM 1 0 1 1 1 1 1 1 1 1 1 1 1 1 1 1 1 1 1 1 1 1 1 -1 1 1 1 1 1 1 1 1 1 1 1 1 1 1 1 1 1 1 1 1 1 1
Dorgan D ND -1 -1 1 1 1 -1 -1 1 1 1 1 -1 1 1 -1 1 1 1 -1 1 1 1 1 1 -1 1 1 1 1 1 1 1 1 1 1 -1 1 -1 1 1 -1 1 -1 1 1 -1
Durbin D IL -1 -1 1 1 1 -1 -1 1 1 1 1 1 1 1 -1 1 1 1 -1 1 1 1 1 1 -1 1 -1 -1 1 1 1 1 1 1 1 -1 1 -1 -1 1 1 1 -1 1 1 -1
Ensign R NV 1 1 1 1 1 1 -1 1 1 -1 1 -1 1 1 1 1 1 1 1 1 1 1 1 -1 1 1 1 1 1 1 1 1 -1 1 1 1 1 1 1 1 1 -1 1 1 1 1
Enzi R WY 1 1 1 1 1 1 1 1 1 -1 1 -1 1 1 -1 1 0 1 1 1 1 1 1 -1 -1 0 1 1 1 1 -1 1 1 1 1 1 1 1 1 1 1 1 1 1 1 1
Feingold D WI -1 -1 1 -1 1 -1 -1 -1 1 1 -1 1 -1 1 -1 1 1 1 -1 1 1 1 1 1 -1 1 -1 -1 1 -1 1 1 1 1 1 -1 1 -1 -1 1 -1 1 -1 1 1 -1
Feinstein D CA 1 1 1 1 1 -1 -1 1 1 1 1 1 1 1 1 1 1 1 -1 1 1 1 1 1 1 1 0 -1 1 1 1 1 1 1 1 -1 1 -1 1 1 1 1 -1 1 1 1
Frist R TN 1 1 1 1 1 1 1 1 1 -1 1 1 1 1 1 1 1 1 1 1 1 1 1 1 1 1 1 1 1 1 1 1 1 1 1 1 1 1 1 1 1 1 1 1 1 1
Graham R SC 1 1 1 1 1 1 1 -1 1 -1 -1 1 1 1 -1 1 1 1 1 1 1 1 1 -1 -1 1 1 1 1 1 1 1 1 1 1 1 1 1 1 1 1 1 1 1 1 1
Grassley R IA 1 1 1 1 1 1 1 1 1 1 1 -1 1 1 1 1 1 1 1 1 1 1 1 -1 1 1 1 1 1 1 1 1 1 1 1 1 1 1 1 1 1 1 1 1 1 1
Gregg R NH 1 1 1 1 1 1 1 1 1 -1 -1 1 -1 0 1 1 1 1 0 1 1 1 1 1 1 1 1 1 1 1 1 1 1 1 1 1 0 1 1 1 1 1 1 1 1 1
Hagel R NE 1 1 1 1 1 1 1 1 1 -1 1 1 1 1 1 1 1 1 1 1 1 1 1 -1 1 1 1 1 1 1 1 1 1 1 1 1 1 1 1 1 1 1 1 1 1 1
Harkin D IA -1 -1 1 -1 1 -1 -1 1 1 1 1 1 1 1 -1 1 1 1 -1 1 1 1 1 1 -1 1 -1 -1 1 1 1 1 1 1 1 0 1 -1 1 1 -1 1 -1 1 1 -1
Hatch R UT 1 1 1 1 1 1 1 1 1 0 1 -1 1 1 1 1 1 1 1 1 1 1 1 1 1 1 1 1 1 1 1 1 1 1 1 1 1 1 1 1 1 1 1 1 1 1
Hutchison R TX 1 1 1 1 1 1 1 1 1 1 -1 -1 1 1 1 1 1 1 1 1 1 1 1 1 1 1 1 1 1 1 1 1 1 1 1 1 1 1 1 1 1 1 1 1 1 1
Inhofe R OK 1 1 1 1 1 1 1 -1 1 -1 1 -1 1 1 1 1 1 1 1 -1 1 1 1 -1 1 1 1 1 1 1 -1 1 1 1 1 1 1 1 1 1 0 -1 1 1 1 1
Inouye D HI -1 -1 1 0 1 1 -1 1 0 1 1 1 1 1 -1 1 1 1 -1 1 1 1 1 1 -1 1 1 1 0 1 1 1 1 1 1 -1 1 -1 -1 0 1 0 -1 1 1 -1
Isakson R GA 1 1 1 1 1 1 1 1 1 -1 1 -1 1 1 1 1 1 1 1 1 1 1 1 -1 1 1 1 1 1 1 1 1 1 1 1 1 1 1 1 1 1 1 1 1 1 1
Jeffords I VT 1 -1 1 -1 1 1 -1 1 1 1 1 1 1 1 1 1 1 1 1 1 1 1 1 1 1 1 -1 1 1 1 1 1 1 1 1 1 1 -1 -1 1 0 1 -1 1 1 -1
Johnson D SD 1 1 1 1 1 1 -1 1 1 1 1 1 1 1 -1 1 1 1 -1 1 1 1 1 1 -1 1 1 1 1 1 1 1 1 1 1 -1 1 1 1 1 -1 1 -1 1 1 1
Kennedy D MA -1 -1 1 1 1 -1 -1 1 1 1 1 1 1 1 -1 1 1 1 -1 1 1 1 1 1 -1 1 -1 -1 1 1 1 1 1 1 1 0 1 -1 0 1 -1 1 -1 1 1 -1
Kerry D MA -1 -1 1 1 1 -1 -1 -1 1 1 1 1 1 1 -1 1 1 1 1 1 1 1 1 1 -1 1 -1 -1 1 1 1 1 1 1 1 1 1 -1 -1 1 1 1 -1 1 1 -1
Kohl D WI 1 -1 1 1 1 1 -1 1 1 1 -1 1 1 1 -1 1 1 1 -1 1 1 1 1 1 -1 1 1 1 1 1 1 1 1 1 1 -1 1 -1 1 1 1 1 -1 1 1 -1
Kyl R AZ 1 1 1 1 1 1 1 1 1 1 -1 -1 -1 1 1 1 1 1 1 1 1 1 1 -1 1 1 1 1 1 1 1 1 1 1 1 1 1 1 1 1 1 1 1 1 1 1
Landrieu D LA 1 1 1 1 1 1 1 1 1 1 1 1 1 1 -1 1 1 1 1 1 1 1 1 1 -1 1 1 1 1 1 0 1 1 1 1 1 1 1 1 1 1 1 1 1 1 1
Lautenberg D NJ -1 -1 1 1 1 -1 -1 1 1 1 1 1 -1 1 -1 1 1 1 -1 1 1 1 1 1 -1 1 -1 -1 1 1 1 1 1 1 1 -1 1 1 -1 1 1 1 -1 1 1 -1
Leahy D VT -1 -1 1 1 1 -1 -1 1 1 1 1 1 1 1 -1 1 1 1 0 1 1 1 1 1 -1 1 -1 -1 1 1 1 1 1 1 1 -1 0 -1 -1 1 -1 1 -1 1 1 -1
Levin D MI -1 -1 1 1 1 -1 -1 1 1 1 1 1 1 1 -1 1 1 1 -1 1 1 1 1 1 -1 1 -1 1 1 1 1 1 1 1 1 -1 1 -1 -1 1 1 1 -1 1 -1 -1
Lieberman D CT 1 -1 1 1 1 -1 -1 1 1 1 1 1 0 0 0 0 0 1 1 1 1 1 1 1 1 1 -1 -1 1 0 1 0 1 1 1 1 1 1 -1 1 1 1 -1 1 1 -1
Lincoln D AR 1 1 1 1 1 1 -1 1 1 1 1 1 1 1 1 1 1 1 -1 1 1 1 1 1 1 1 -1 1 1 1 1 1 1 1 1 -1 1 -1 1 1 1 1 -1 1 1 1
Lott R MS 1 1 1 1 1 1 1 1 1 1 1 -1 1 1 1 1 1 0 1 1 1 1 1 1 1 1 1 1 1 1 0 1 1 1 1 1 1 1 1 1 1 1 1 1 1 0
Lugar R IN 1 1 1 1 1 1 1 1 1 1 1 1 1 1 1 1 1 1 1 1 1 1 1 1 1 1 1 1 1 1 1 1 1 1 1 1 1 1 1 1 1 1 1 1 1 1
Martinez R FL 1 1 1 1 1 1 1 1 1 1 1 1 -1 0 1 1 1 1 1 1 1 1 1 -1 1 1 1 1 1 1 1 1 1 0 1 1 1 1 1 1 1 1 1 1 1 1
McCain R AZ 1 1 1 1 1 1 1 -1 1 -1 -1 1 -1 0 1 -1 1 1 1 1 1 1 1 1 1 1 1 1 1 1 1 1 1 1 1 1 1 1 1 0 1 1 1 1 1 1
McConnell R KY 1 1 1 1 1 1 1 1 1 1 1 1 1 1 1 1 1 1 1 1 1 1 1 -1 1 1 1 1 1 1 1 1 1 1 1 1 1 1 1 1 1 1 1 1 1 1
Mikulski D MD -1 -1 1 1 1 -1 -1 1 1 1 1 1 1 1 -1 0 1 0 -1 1 1 1 1 1 -1 1 -1 -1 1 1 1 1 1 1 1 -1 1 -1 1 1 1 1 -1 1 1 -1
Murkowski R AK 1 1 1 1 1 1 1 1 1 1 1 1 1 1 1 1 1 1 1 1 1 1 1 1 1 1 1 1 1 1 1 1 1 1 1 1 1 1 1 1 1 1 1 1 1 1
Murray D WA -1 -1 1 1 1 -1 -1 1 1 1 1 1 1 1 1 1 1 1 0 1 1 1 1 1 1 1 -1 -1 1 1 1 1 1 1 1 1 1 -1 -1 1 1 1 -1 1 1 -1
Nelson1 D FL -1 1 1 1 1 1 -1 1 1 1 1 1 -1 1 1 1 1 1 1 1 1 1 1 1 1 1 1 1 1 1 1 1 1 1 1 1 1 1 1 1 1 1 -1 1 1 1
Nelson2 D NE 1 1 1 1 1 1 -1 1 1 1 1 -1 1 1 1 1 1 1 1 1 1 1 1 -1 1 1 1 1 1 1 1 1 1 1 1 1 1 1 1 1 1 1 1 1 1 1
Obama D IL 1 -1 1 1 1 -1 -1 -1 1 1 1 1 1 1 -1 1 1 1 1 1 1 1 1 1 -1 1 -1 -1 1 1 1 1 1 1 1 1 1 -1 1 1 1 1 -1 1 1 -1
Pryor D AR -1 1 1 1 1 1 -1 1 1 1 1 1 1 1 1 1 1 1 1 1 1 1 1 1 1 1 1 1 1 1 1 1 1 1 1 1 1 1 1 1 1 1 -1 1 1 1
Reed D RI 1 -1 1 1 1 -1 -1 1 1 1 1 1 -1 1 -1 1 1 1 -1 1 1 1 1 1 -1 1 -1 -1 1 1 1 1 1 1 1 -1 1 -1 -1 1 1 1 -1 1 1 -1
Reid D NV -1 -1 1 1 1 1 -1 1 1 1 1 1 1 1 -1 1 1 1 -1 1 1 1 1 1 -1 1 1 1 1 1 1 1 1 1 1 -1 1 -1 -1 1 1 1 -1 1 1 -1
Roberts R KS 1 1 1 1 1 1 1 1 1 1 1 -1 1 1 1 1 1 1 1 1 1 1 1 -1 1 1 1 1 1 1 1 1 1 1 1 1 1 1 1 1 1 1 1 1 1 1
Rockefeller D WV 1 1 1 1 1 -1 -1 0 1 0 1 0 1 1 -1 1 0 1 -1 0 1 1 1 1 -1 1 -1 1 1 1 1 1 1 1 1 -1 1 1 1 1 1 0 -1 1 1 -1
Salazar D CO 1 1 1 1 1 1 -1 1 1 1 1 0 1 1 -1 1 1 1 1 1 1 1 1 1 -1 1 1 1 1 1 1 1 1 1 1 1 1 1 -1 1 1 1 -1 1 1 1
Santorum R PA 0 1 1 1 1 1 1 1 1 1 1 -1 1 1 1 1 1 1 1 1 1 1 1 -1 1 1 1 1 1 1 1 1 1 1 1 1 1 1 1 1 1 1 1 1 1 1
Sarbanes D MD -1 -1 1 1 1 -1 -1 1 1 1 1 1 1 1 -1 1 1 1 -1 1 1 1 1 1 -1 1 -1 -1 1 1 1 1 1 1 1 -1 1 -1 -1 1 1 1 -1 1 1 -1
Schumer D NY 1 1 1 1 1 -1 -1 1 1 1 1 1 -1 1 -1 1 1 1 -1 1 1 1 1 1 -1 1 -1 1 1 1 1 1 1 1 1 -1 1 -1 1 0 1 1 -1 1 1 1
Sessions R AL 1 1 1 1 1 1 1 1 1 -1 1 -1 0 1 1 1 1 1 1 1 1 1 1 -1 1 1 1 1 1 1 1 1 1 1 1 1 1 1 1 1 1 1 1 1 1 1
Shelby R AL 1 1 1 1 1 1 1 1 1 1 1 -1 1 1 -1 1 1 1 1 1 1 1 1 -1 -1 1 1 1 1 1 1 1 1 1 1 1 1 1 1 1 1 1 1 1 1 0
Smith R OR 1 1 1 1 1 1 1 1 1 1 1 1 1 1 1 1 1 1 1 1 1 1 1 1 1 1 1 1 1 1 1 1 1 1 1 1 1 1 1 1 1 1 1 1 1 1
Snowe R ME 1 1 1 1 1 1 1 1 1 1 1 1 1 1 -1 1 1 1 -1 1 1 1 1 1 -1 1 -1 1 1 1 1 1 1 1 1 -1 1 0 1 1 1 1 -1 1 1 1
Specter R PA 1 1 1 1 1 1 1 1 1 1 1 1 1 1 -1 0 1 1 1 1 1 1 1 1 -1 1 -1 1 1 1 1 1 1 1 1 1 1 1 1 1 1 1 1 1 1 1
Stabenow D MI -1 1 1 1 1 1 -1 1 1 1 1 -1 1 1 -1 1 1 1 0 1 1 1 1 1 -1 1 -1 1 1 1 1 1 1 1 1 -1 1 1 1 1 1 1 -1 1 -1 1
Stevens R AK 1 1 1 1 1 1 1 1 1 1 1 1 1 1 1 1 1 1 1 1 1 1 1 1 1 1 1 1 0 1 1 1 1 1 1 1 1 1 1 1 1 1 1 1 1 1
Sununu R NH 0 1 1 1 1 1 1 1 1 -1 -1 -1 -1 1 1 -1 0 1 1 1 1 1 1 -1 1 1 1 1 1 1 1 1 -1 1 1 1 1 1 1 0 1 1 1 1 1 1
Talent R MO 1 1 1 1 1 1 1 1 1 1 1 -1 1 1 1 1 1 1 1 1 1 1 1 -1 1 1 1 1 1 1 1 1 1 1 1 1 1 1 1 1 1 1 1 1 1 1
Thomas R WY 1 0 1 1 1 1 1 1 1 -1 1 -1 1 1 -1 1 1 1 1 1 1 1 1 -1 -1 1 1 1 1 1 -1 1 1 1 1 1 1 1 1 1 0 1 1 1 1 1
Thune R SD 1 1 1 1 1 1 1 1 1 1 1 -1 1 1 -1 1 1 1 1 1 1 1 1 -1 -1 1 1 1 1 1 0 1 1 1 1 1 1 1 1 1 1 1 1 1 1 1
Vitter R LA 1 1 1 1 1 1 1 1 1 1 1 -1 1 1 -1 1 1 1 1 1 1 1 1 -1 -1 1 1 1 0 1 0 1 1 1 1 1 1 1 1 1 1 1 1 1 1 1
Voinovich R OH 1 -1 1 1 1 1 1 1 1 1 1 1 1 1 1 1 1 1 1 1 1 1 1 -1 1 1 1 1 1 1 1 1 1 1 1 1 1 1 1 1 1 1 1 1 1 -1
Warner R VA 1 1 1 1 1 1 1 1 1 1 1 1 1 1 1 1 1 1 1 1 1 1 1 1 1 1 1 1 1 1 1 1 1 1 1 1 1 1 1 1 1 1 1 1 1 1
Wyden D OR -1 -1 1 1 1 -1 -1 1 1 1 1 1 -1 1 1 1 1 1 -1 1 1 1 1 1 1 1 -1 -1 1 1 1 1 1 1 1 -1 1 -1 1 1 1 1 -1 1 1 -1
